7dcae2c4-e410-4b09-a9fd-525855ae5a59
8
40.627180 -8.648198
40.627174 -8.648312
40.627154 -8.648404
40.627022 -8.650008
40.627794 -8.650118
40.627694 -8.651292
40.627681 -8.651517
40.629239 -8.651743
40.630166 -8.651883
40.631202 -8.652022
40.631297 -8.652083
40.630827 -8.653279
40.630644 -8.653828
40.630600 -8.653993
40.630640 -8.654019
40.630673 -8.654059
40.630694 -8.654111
40.630703 -8.654169
40.630852 -8.654288
40.630917 -8.654330
40.631604 -8.654747
40.633264 -8.655732
40.633549 -8.655877
40.633889 -8.656069
40.634146 -8.656231
40.634254 -8.656263
40.634380 -8.656261
40.634467 -8.656228
40.634536 -8.656179
40.635083 -8.655644
40.635159 -8.655616
40.635188 -8.655528
40.635241 -8.655427
40.635348 -8.655315
40.635440 -8.655277
40.635814 -8.654809
40.635938 -8.654653
40.636238 -8.654328
40.636551 -8.653944
40.636658 -8.653795
40.636953 -8.653291
40.637044 -8.653154
40.637493 -8.652626
40.637813 -8.652287
40.637852 -8.652198
40.637973 -8.652038
40.638423 -8.651399
40.638869 -8.650663
40.638915 -8.650570
40.638944 -8.650462
40.638950 -8.650402
40.638968 -8.650348
40.639002 -8.650297
40.639052 -8.650247
40.639104 -8.650231
40.639156 -8.650241
40.639208 -8.650273
40.639241 -8.650327
40.639248 -8.650375
40.639301 -8.650410
40.639466 -8.650603
40.640393 -8.651732
40.640456 -8.651895
40.640670 -8.652700
40.640752 -8.652860
40.640829 -8.652990
40.640876 -8.653037
40.640989 -8.653148
40.641150 -8.653368
40.641210 -8.653497
40.641246 -8.653465
40.641303 -8.653446
40.641362 -8.653456
40.641433 -8.653372
40.641518 -8.653298
40.641595 -8.653144
40.641684 -8.652964
40.641780 -8.652615
40.641860 -8.652193
40.641963 -8.651670
40.642004 -8.651298
40.642005 -8.651209
40.642192 -8.650308
40.642578 -8.648363
40.642594 -8.648198
40.642593 -8.648127
40.642624 -8.648069
40.642649 -8.647950
40.642875 -8.646796
40.643269 -8.644890
40.643396 -8.644209
40.643433 -8.644063
40.643537 -8.643489
40.643571 -8.643184
40.643808 -8.641999
40.643565 -8.641916
40.643509 -8.641842
40.643500 -8.641697
40.643411 -8.641246
40.643797 -8.641082
40.644039 -8.640979
40.644235 -8.640881
40.644720 -8.642813
40.645264 -8.642489
40.645300 -8.642440
40.645473 -8.642264
40.645579 -8.642095
40.645587 -8.642048
40.645608 -8.642011
40.645641 -8.641913
40.645656 -8.641835
40.645897 -8.639801
40.646007 -8.638861
40.646265 -8.636604
40.646414 -8.635437
40.646446 -8.635230
40.646451 -8.635090
40.646398 -8.635023
40.646366 -8.634937
40.646357 -8.634841
40.646375 -8.634748
40.646392 -8.634705
40.646443 -8.634635
40.646508 -8.634593
40.646597 -8.634347
40.646557 -8.634183
40.646410 -8.633569
40.646312 -8.633094
40.646140 -8.632397
40.646312 -8.633094
40.646763 -8.632940
40.647311 -8.633241
40.647422 -8.633302
40.647549 -8.632766
40.647673 -8.632347
40.648272 -8.630608
40.648424 -8.630146
40.648456 -8.629997
40.648452 -8.629789
40.648413 -8.629607
40.648279 -8.629311
40.648192 -8.629180
40.648168 -8.629129
40.648160 -8.629051
40.648170 -8.628795
40.648202 -8.628624
40.648317 -8.628331
40.648375 -8.628205
40.647737 -8.627605
40.647957 -8.626921
40.647910 -8.626899
40.647040 -8.626361
40.646904 -8.626310
40.646810 -8.626299
40.646770 -8.626342
40.646722 -8.626368
40.646671 -8.626376
40.646620 -8.626364
40.646569 -8.626330
40.646529 -8.626276
40.646503 -8.626208
40.646500 -8.626125
40.646295 -8.625907
40.644879 -8.625026
40.644426 -8.624733
40.643639 -8.624252
40.643474 -8.624104
40.643320 -8.623876
40.643269 -8.623890
40.643223 -8.623874
40.642913 -8.623650
40.642814 -8.623554
40.642460 -8.623138
40.642177 -8.622879
40.642075 -8.622819
40.641667 -8.622630
40.641391 -8.622475
40.641314 -8.622448
40.641246 -8.622445
40.640629 -8.622491
40.640439 -8.622494
40.640096 -8.622440
40.639942 -8.622408
40.639883 -8.622386
40.639774 -8.622331
40.639540 -8.622139
40.638923 -8.621589
40.638284 -8.621081
40.637689 -8.620621
40.636800 -8.619775
40.636057 -8.619054
40.635939 -8.618872
40.635893 -8.618892
40.635847 -8.618875
40.635827 -8.618852
40.635808 -8.618789
40.635821 -8.618723
40.635512 -8.618565
40.633883 -8.617826
40.632854 -8.617245
40.631527 -8.616136
40.630962 -8.615839
40.630483 -8.615518
40.629255 -8.614824
40.628850 -8.614482
40.628758 -8.614364
40.628729 -8.614378
40.628698 -8.614378
40.628669 -8.614365
40.628644 -8.614340
40.628627 -8.614305
40.628620 -8.614265
40.628623 -8.614225
40.628636 -8.614189
40.628657 -8.614160
40.628684 -8.614141
40.628715 -8.614135
40.628745 -8.614143
40.628771 -8.614162
40.628791 -8.614192
40.628840 -8.614124
40.629620 -8.613881
40.629843 -8.613784
40.629912 -8.613740
40.630004 -8.613681
40.630473 -8.613273
40.630847 -8.612976
40.631828 -8.612148
40.631961 -8.612076
40.632043 -8.612054
40.632107 -8.611856
40.632135 -8.611718
40.632134 -8.611600
40.632111 -8.611466
40.631729 -8.610408
40.631472 -8.609523
40.631160 -8.608408
40.630459 -8.605839
40.630437 -8.605657
40.630612 -8.605736
40.631602 -8.606615