e7025f6c-6574-48da-a213-cac5f9981c78
7
40.631611 -8.606623
40.632986 -8.607862
40.633038 -8.607919
40.633023 -8.608010
40.632576 -8.609129
40.632153 -8.611108
40.632111 -8.611466
40.632134 -8.611600
40.632135 -8.611718
40.632107 -8.611856
40.632043 -8.612054
40.631961 -8.612076
40.631828 -8.612148
40.630847 -8.612976
40.630473 -8.613273
40.630004 -8.613681
40.629833 -8.613788
40.629620 -8.613881
40.628840 -8.614124
40.628791 -8.614192
40.628803 -8.614229
40.628805 -8.614268
40.628798 -8.614306
40.628782 -8.614339
40.628758 -8.614364
40.628850 -8.614482
40.629255 -8.614824
40.630483 -8.615518
40.630962 -8.615839
40.631527 -8.616136
40.632854 -8.617245
40.633883 -8.617826
40.635512 -8.618565
40.635821 -8.618723
40.635860 -8.618679
40.635886 -8.618672
40.635936 -8.618689
40.635970 -8.618744
40.635975 -8.618779
40.635959 -8.618846
40.635939 -8.618872
40.636057 -8.619054
40.637300 -8.620254
40.637689 -8.620621
40.638284 -8.621081
40.638923 -8.621589
40.639540 -8.622139
40.639774 -8.622331
40.639850 -8.622374
40.639942 -8.622408
40.640439 -8.622494
40.640629 -8.622491
40.641246 -8.622445
40.641314 -8.622448
40.641391 -8.622475
40.641667 -8.622630
40.642075 -8.622819
40.642177 -8.622879
40.642460 -8.623138
40.642814 -8.623554
40.642913 -8.623650
40.643223 -8.623874
40.643269 -8.623890
40.643320 -8.623876
40.643474 -8.624104
40.643639 -8.624252
40.644426 -8.624733
40.644879 -8.625026
40.646295 -8.625907
40.646482 -8.625972
40.646549 -8.625968
40.646601 -8.625920
40.646662 -8.625899
40.646725 -8.625907
40.646775 -8.625937
40.646817 -8.625986
40.646845 -8.626050
40.646857 -8.626121
40.646856 -8.626162
40.647040 -8.626361
40.647910 -8.626899
40.647957 -8.626921
40.648401 -8.627133
40.648525 -8.627158
40.648664 -8.627159
40.649186 -8.626962
40.649284 -8.626941
40.649429 -8.626943
40.649904 -8.627122
40.650000 -8.627157
40.649860 -8.627616
40.649697 -8.628045
40.649497 -8.628405
40.649463 -8.628480
40.649381 -8.628584
40.649174 -8.628763
40.649143 -8.628798
40.648700 -8.629089
40.648656 -8.629166
40.648546 -8.629543
40.648521 -8.629654
40.648424 -8.630146
40.648349 -8.630376
40.647673 -8.632347
40.647539 -8.632808
40.647422 -8.633302
40.646763 -8.632940
40.646312 -8.633094
40.646049 -8.632029
40.646312 -8.633094
40.646410 -8.633569
40.646555 -8.634173
40.646597 -8.634347
40.646666 -8.634544
40.646684 -8.634628
40.646737 -8.634694
40.646770 -8.634781
40.646778 -8.634877
40.646772 -8.634924
40.646743 -8.635013
40.646692 -8.635082
40.646627 -8.635125
40.646554 -8.635136
40.646500 -8.635254
40.646468 -8.635445
40.646087 -8.638798
40.645971 -8.639749
40.645729 -8.641843
40.645731 -8.642013
40.645754 -8.642058
40.645758 -8.642117
40.645739 -8.642173
40.645708 -8.642205
40.645675 -8.642217
40.645623 -8.642267
40.645500 -8.642345
40.645407 -8.642386
40.645264 -8.642489
40.644524 -8.642935
40.643706 -8.643444
40.643679 -8.643518
40.643577 -8.644000
40.643545 -8.644059
40.643411 -8.644824
40.643051 -8.646650
40.642770 -8.647992
40.642757 -8.648105
40.642766 -8.648134
40.642764 -8.648197
40.642732 -8.648257
40.642691 -8.648401
40.642346 -8.650189
40.642120 -8.651244
40.642077 -8.651336
40.641963 -8.651670
40.641860 -8.652193
40.641780 -8.652615
40.641684 -8.652964
40.641595 -8.653144
40.641518 -8.653298
40.641505 -8.653416
40.641497 -8.653499
40.641464 -8.653622
40.641463 -8.653683
40.641449 -8.653737
40.641425 -8.653784
40.641387 -8.653823
40.641348 -8.653843
40.641305 -8.653849
40.641264 -8.653839
40.641211 -8.653798
40.641174 -8.653733
40.641160 -8.653671
40.641162 -8.653607
40.641179 -8.653547
40.641210 -8.653497
40.641150 -8.653368
40.640989 -8.653148
40.640829 -8.652990
40.640752 -8.652860
40.640670 -8.652700
40.640456 -8.651895
40.640393 -8.651732
40.639466 -8.650603
40.639380 -8.650564
40.639320 -8.650550
40.639161 -8.650583
40.639126 -8.650612
40.639023 -8.650821
40.638518 -8.651516
40.638314 -8.651819
40.638042 -8.652198
40.637976 -8.652234
40.637610 -8.652677
40.637209 -8.653118
40.636621 -8.654020
40.636483 -8.654211
40.636310 -8.654429
40.635984 -8.654779
40.635884 -8.654901
40.635543 -8.655322
40.635687 -8.655505
40.635701 -8.655599
40.635678 -8.655721
40.635635 -8.655780
40.635575 -8.655827
40.635373 -8.655949
40.635286 -8.655954
40.635233 -8.655922
40.635176 -8.655837
40.635000 -8.655877
40.634808 -8.656069
40.634593 -8.656298
40.634504 -8.656362
40.634394 -8.656407
40.634256 -8.656411
40.634151 -8.656383
40.633840 -8.656207
40.633233 -8.655822
40.630821 -8.654382
40.630642 -8.654333
40.630601 -8.654360
40.630556 -8.654369
40.630512 -8.654359
40.630478 -8.654338
40.630450 -8.654306
40.630429 -8.654266
40.630416 -8.654221
40.630412 -8.654179
40.630420 -8.654115
40.630443 -8.654058
40.630480 -8.654015
40.630517 -8.653992
40.630559 -8.653985
40.630600 -8.653993
40.630644 -8.653828
40.630833 -8.653264
40.631297 -8.652083
40.631202 -8.652022
40.630166 -8.651883
40.629351 -8.651758
40.626907 -8.651410
40.626907 -8.651414
40.627086 -8.649225