effd22a1-b067-40ac-bd6b-7d02ddf83934
6
40.643787 -8.641086
40.644039 -8.640979
40.644089 -8.641038
40.644128 -8.641183
40.644144 -8.641241
40.644141 -8.641340
40.643783 -8.643119
40.643706 -8.643444
40.643679 -8.643518
40.643577 -8.644000
40.643545 -8.644059
40.643411 -8.644824
40.643051 -8.646650
40.642770 -8.647992
40.642757 -8.648105
40.642766 -8.648134
40.642764 -8.648197
40.642732 -8.648257
40.642691 -8.648401
40.642346 -8.650189
40.642120 -8.651244
40.642077 -8.651336
40.641963 -8.651670
40.641860 -8.652193
40.641780 -8.652615
40.641684 -8.652964
40.641595 -8.653144
40.641516 -8.653313
40.641497 -8.653499
40.641464 -8.653622
40.641463 -8.653683
40.641449 -8.653737
40.641425 -8.653784
40.641387 -8.653823
40.641348 -8.653843
40.641305 -8.653849
40.641264 -8.653839
40.641211 -8.653798
40.641174 -8.653733
40.641160 -8.653671
40.641162 -8.653607
40.641179 -8.653547
40.641210 -8.653497
40.641150 -8.653368
40.640989 -8.653148
40.640829 -8.652990
40.640752 -8.652860
40.640670 -8.652700
40.640456 -8.651895
40.640393 -8.651732
40.639466 -8.650603
40.639380 -8.650564
40.639320 -8.650550
40.639161 -8.650583
40.639126 -8.650612
40.639023 -8.650821
40.638518 -8.651516
40.638328 -8.651799
40.638042 -8.652198
40.637976 -8.652234
40.637610 -8.652677
40.637209 -8.653118
40.636621 -8.654020
40.636483 -8.654211
40.636310 -8.654429
40.635984 -8.654779
40.635884 -8.654901
40.635543 -8.655322
40.635687 -8.655505
40.635701 -8.655599
40.635678 -8.655721
40.635635 -8.655780
40.635575 -8.655827
40.635373 -8.655949
40.635290 -8.656095
40.635263 -8.656181
40.635234 -8.656410
40.635194 -8.656550
40.635117 -8.656720
40.634954 -8.656924
40.634487 -8.657512
40.634418 -8.657551
40.634088 -8.658013
40.633723 -8.658471
40.633591 -8.658597
40.633456 -8.658672
40.633296 -8.658740
40.633105 -8.658767
40.632973 -8.658761
40.632832 -8.658727
40.632702 -8.658668
40.632485 -8.658524
40.632151 -8.658094
40.632031 -8.657926
40.631608 -8.657328
40.631800 -8.657098
40.631733 -8.657025
40.630399 -8.655230
40.630319 -8.655133
40.630238 -8.655050
40.630056 -8.654925
40.629885 -8.654862
40.629715 -8.654831
40.629524 -8.654856
40.629340 -8.654909
40.629227 -8.654961
40.629115 -8.655055
40.628975 -8.655217
40.628730 -8.655550
40.628618 -8.655744
40.628546 -8.655947
40.628509 -8.656140
40.628488 -8.656332
40.628488 -8.656527
40.628511 -8.656766
40.628576 -8.656980
40.628671 -8.657222
40.628762 -8.657374
40.630080 -8.659161
40.629785 -8.659543
40.629633 -8.659739
40.629512 -8.659919
40.629288 -8.659810
40.629056 -8.659793
40.628913 -8.659846
40.628821 -8.659894
40.628758 -8.659949
40.628585 -8.660158
40.628347 -8.660397
40.627562 -8.660886
40.627394 -8.660991
40.627245 -8.661020
40.627127 -8.661062
40.627051 -8.661197
40.626987 -8.661560
40.626945 -8.662015
40.626903 -8.662179
40.626836 -8.662251
40.626417 -8.662284
40.626322 -8.662249
40.625884 -8.661875
40.625458 -8.661317
40.624960 -8.660736
40.624359 -8.660284
40.623942 -8.660016
40.622985 -8.659325
40.623942 -8.660016
40.624359 -8.660284
40.624960 -8.660736
40.625458 -8.661317
40.625884 -8.661875
40.626322 -8.662249
40.626417 -8.662284
40.626836 -8.662251
40.626903 -8.662179
40.626945 -8.662015
40.626987 -8.661560
40.627051 -8.661197
40.627127 -8.661062
40.627245 -8.661020
40.627394 -8.660991
40.627562 -8.660886
40.628347 -8.660397
40.628585 -8.660158
40.628758 -8.659949
40.628821 -8.659894
40.628913 -8.659846
40.629056 -8.659793
40.629288 -8.659810
40.629512 -8.659919
40.629633 -8.659739
40.630080 -8.659161
40.628762 -8.657374
40.628671 -8.657222
40.628576 -8.656980
40.628511 -8.656766
40.628488 -8.656527
40.628488 -8.656332
40.628509 -8.656140
40.628546 -8.655947
40.628618 -8.655744
40.628730 -8.655550
40.628975 -8.655217
40.629115 -8.655055
40.629227 -8.654961
40.629340 -8.654909
40.629524 -8.654856
40.629715 -8.654831
40.629846 -8.654855
40.629992 -8.654897
40.630056 -8.654925
40.630238 -8.655050
40.630319 -8.655133
40.630747 -8.655696
40.631733 -8.657025
40.631800 -8.657098
40.631608 -8.657328
40.632151 -8.658094
40.632286 -8.658267
40.632485 -8.658524
40.632702 -8.658668
40.632832 -8.658727
40.632973 -8.658761
40.633105 -8.658767
40.633296 -8.658740
40.633456 -8.658672
40.633591 -8.658597
40.633723 -8.658471
40.634088 -8.658013
40.634418 -8.657551
40.634458 -8.657469
40.635072 -8.656667
40.635119 -8.656587
40.635150 -8.656510
40.635192 -8.656306
40.635233 -8.655922
40.635176 -8.655837
40.635162 -8.655724
40.635159 -8.655616
40.635188 -8.655528
40.635241 -8.655427
40.635348 -8.655315
40.635440 -8.655277
40.635814 -8.654809
40.635938 -8.654653
40.636238 -8.654328
40.636551 -8.653944
40.636658 -8.653795
40.636953 -8.653291
40.637044 -8.653154
40.637493 -8.652626
40.637813 -8.652287
40.637976 -8.652123
40.638436 -8.651482
40.638869 -8.650783
40.639055 -8.650456
40.639622 -8.649535
40.639823 -8.649215
40.640163 -8.648746
40.640263 -8.648625
40.640609 -8.648279
40.641159 -8.647704
40.641492 -8.647375
40.641645 -8.647202
40.641714 -8.647109
40.641795 -8.646967
40.641937 -8.646678
40.642032 -8.646410
40.642027 -8.646347
40.642035 -8.646285
40.642056 -8.646227
40.642096 -8.646168
40.642149 -8.646130
40.642209 -8.646117
40.642268 -8.646130
40.642309 -8.646157
40.642344 -8.646196
40.642413 -8.646219
40.642485 -8.646203
40.642563 -8.646158
40.642670 -8.646043
40.642752 -8.645900
40.642807 -8.645764
40.642915 -8.645307
40.642948 -8.645039
40.642953 -8.644709
40.642948 -8.644202
40.642945 -8.643942
40.642952 -8.643835
40.643138 -8.643234
40.643436 -8.642228
40.643509 -8.641842
40.643500 -8.641697
40.643411 -8.641246
40.643787 -8.641086